0
1.9318516525781366
0.9999999999999999
-1.4142135623730954
-1.7320508075688772
0.5176380902050405
2
0.5176380902050416
-1.7320508075688774
-1.4142135623730945
0.9999999999999981
1.931851652578137
-0.000000000000002328066879653148
-1.9318516525781364
-1.0000000000000002
1.4142135623730951
1.732050807568877
-0.5176380902050427
-2
-0.5176380902050463
1.7320508075688752
1.4142135623730978
-0.999999999999997
-1.9318516525781355
0.000000000000004656133759306296
1.931851652578136
1.0000000000000013
-1.4142135623730943
-1.7320508075688776
0.5176380902050415
2
0.5176380902050268
-1.732050807568878
-1.4142135623730936
1.0000000000000022
1.9318516525781357
-0.0000000000000034314869601589423
-1.9318516525781375
-1.0000000000000084
1.4142135623730985
1.7320508075688816
-0.5176380902050473
-2
-0.5176380902050349
1.7320508075688739
1.4142135623730996
-1.000000000000007
-1.931851652578138
0.000000000000004656133759306296
0.9659258262890678
0.5000000000000017
-0.7071067811865464
-0.8660254037844394
0.2588190451025196
1
0.25881904510252146
-0.8660254037844384
-0.7071067811865477
0.5
0.9659258262890682
-0.000000000000000491096680932118
-0.9659258262890684
-0.49999999999998684
0.7071067811865483
0.8660254037844379
-0.2588190451025224
-1
-0.25881904510251863
0.8660254037844398
0.7071067811865557
-0.5000000000000026
-0.9659258262890674
0.0000000000000034314869601589423
0.9659258262890655
0.4999999999999966
-0.7071067811865505
-0.8660254037844436
0.25881904510252524
1
0.2588190451025158
-0.8660254037844343
-0.7071067811865436
0.5000000000000051
0.9659258262890704
0.000000000000007838977475816237
-0.96592582628907
-0.49999999999999406
0.7071067811865425
0.866025403784442
-0.2588190451025281
-1
-0.2588190451025267
0.8660254037844428
0.7071067811865415
-0.49999999999999534
-0.9659258262890696
0.000000000000009312267518612591
0.9659258262890708
0.5000000000000038
-0.7071067811865346
-0.8660254037844406
0.25881904510253095
1
0.25881904510253756
-0.8660254037844372
-0.7071067811865394
0.4999999999999979
0.9659258262890652
0.0000000000000019581969173625882
-0.9659258262890715
-0.5000000000000012
0.7071067811865567
0.8660254037844392
-0.2588190451025063
-1
-0.25881904510250725
0.8660254037844386
0.7071067811865575
-0.5000000000000004
-0.9659258262890644
0.000000000000000982193361864236
0.965925826289065
0.4999999999999987
-0.7071067811865387
-0.8660254037844235
0.2588190451025366
1
0.2588190451025044
-0.8660254037844402
-0.7071067811865553
0.500000000000003
0.965925826289071
-0.00000000000000392258364109106
-0.9659258262890731
-0.49999999999999617
0.7071067811865408
0.8660254037844362
-0.258819045102512
-1
-0.2588190451025016
0.8660254037844416
0.7071067811865331
-0.5000000000000056
-0.9659258262890702
0.000000000000013725947840635769
1.9318516525781328
1.0000000000000364
-1.4142135623731258
-1.7320508075688694
0.5176380902050297
2
0.5176380902050524
-1.7320508075688577
-1.4142135623731023
1.0000000000000162
1.9318516525781242
-0.000000000000019606728399089418
-1.9318516525781344
-0.9999999999999821
1.4142135623730898
1.732050807568895
-0.5176380902050354
-2
-0.5176380902050467
1.732050807568889
1.4142135623730983
-0.999999999999972
-1.9318516525781375
-0.00000000000003135590990326495
1.9318516525781506
0.9999999999999771
-1.414213562373094
-1.7320508075688636
0.517638090205041
2
0.517638090205041
-1.7320508075688636
-1.4142135623730538
1.0000000000000264
1.931851652578136
0.0000000000000254751293448113
-1.9318516525781375
-1.0000000000000213
1.414213562373058
1.7320508075688605
-0.5176380902050467
-2
-0.5176380902050354
1.7320508075688665
1.4142135623730898
-0.9999999999999822
-1.931851652578149
0.000000000000018624535037225183
0.9659258262890695
0.49999999999998346
-0.7071067811865511
-0.866025403784443
0.25881904510249876
1
0.25881904510251486
-0.8660254037844347
-0.7071067811865227
0.5000000000000182
0.9659258262890664
0.000000000000006856784113952001
-0.9659258262890629
-0.5000000000000301
0.7071067811865532
0.8660254037844416
-0.2588190451025016
-1
-0.258819045102512
0.8660254037844362
0.7071067811865609
-0.5000000000000208
-0.9659258262890656
-0.0000000000000039163938347251765
0.9659258262890636
0.49999999999997835
-0.7071067811865553
-0.8660254037844402
0.2588190451025044
1
0.25881904510250914
-0.8660254037844377
-0.7071067811865588
0.49999999999997413
0.9659258262890649
0.0000000000000009760035554983525
-0.9659258262890791
-0.4999999999999758
0.7071067811865575
0.8660254037844386
-0.25881904510250725
-1
-0.2588190451025063
0.8660254037844392
0.7071067811865165
-0.5000000000000259
-0.9659258262890642
0.000000000000001964386723728472
0.9659258262890652
0.5000000000000225
-0.7071067811865193
-0.8660254037844372
0.25881904510251014
1
0.2588190451025584
-0.866025403784469
-0.7071067811865144
0.5000000000000284
0.9659258262890634
-0.000000000000004904777002955296
-0.965925826289066
-0.4999999999999707
0.7071067811865616
0.8660254037844357
-0.25881904510251297
-1
-0.25881904510255554
0.866025403784442
0.7071067811865526
-0.49999999999998174
-0.9659258262890627
0.00000000000000784516728218212
0.9659258262890814
0.4999999999999682
-0.7071067811865637
-0.8660254037844343
0.2588190451025158
1
0.2588190451024978
-0.8660254037844436
-0.7071067811865505
0.4999999999999843
0.9659258262890766
0.00000000000004605786129939907
-0.9659258262890674
-0.49999999999996564
0.7071067811865657
0.8660254037844327
-0.25881904510251863
-1
-0.258819045102495
0.866025403784445
0.7071067811865483
-0.49999999999998684
-0.9659258262890759
0.000000000000013725947840635769
0.9659258262890682
0.5000000000000123
-0.7071067811865276
-0.8660254037844597
0.25881904510257636
1
0.2588190451024921
-0.8660254037844465
-0.7071067811865464
0.4999999999999894
0.9659258262890603
-0.000000000000016666338119862593
-0.965925826289069
-0.5000000000000098
0.7071067811865297
0.8660254037844582
-0.2588190451025243
-1
-0.25881904510254417
0.8660254037844479
0.7071067811865442
-0.5000000000000412
-0.9659258262890597
0.000000000000019606728399089418
0.9659258262890698
0.5000000000000072
-0.7071067811865318
-0.8660254037844284
0.2588190451025272
1
0.25881904510254133
-0.866025403784421
-0.7071067811865823
0.4999999999999945
0.9659258262890589
-0.000000000000022547118678316243
-0.9659258262890705
-0.5000000000000047
0.707106781186574
0.8660254037844268
-0.25881904510253
-1
-0.2588190451025385
0.8660254037844225
0.70710678118654
-0.49999999999999706
-0.9659258262890728
-0.0000000000000627118198065299
1.931851652578113
0.9999999999999057
-1.4142135623731522
-1.7320508075688508
0.5176380902050657
2
0.5176380902050713
-1.7320508075689047
-1.414213562373076
0.9999999999999991
1.931851652578144
0.00000000000005683103924807625
-1.9318516525781146
-0.9999999999999991
1.414213562373076
1.7320508075689047
-0.5176380902050713
-2
-0.5176380902049559
1.7320508075689076
1.4142135623730718
-1.0000000000000042
-1.9318516525781426
-0.0000000000000509502586896226
1.9318516525781455
0.999999999999994
-1.4142135623730803
-1.7320508075689018
0.5176380902049672
2
0.51763809020506
-1.7320508075689107
-1.4142135623730676
1.0000000000000093
1.9318516525781115
-0.00000000000006861735959044708
-1.931851652578147
-0.999999999999989
1.4142135623730843
1.732050807568899
-0.5176380902050827
-2
-0.5176380902050542
1.7320508075688568
1.414213562373144
-0.999999999999916
-1.93185165257811
0.00000000000007449814014890073
1.9318516525781486
0.9999999999999839
-1.4142135623730885
-1.732050807568839
0.5176380902050884
2
0.5176380902050486
-1.7320508075688597
-1.4142135623731398
0.9999999999999211
1.9318516525781675
0.00000000000014699475473587768
-1.9318516525781502
-0.9999999999999788
1.4142135623730927
1.732050807568893
-0.5176380902049843
-2
-0.5176380902049331
1.7320508075689194
1.4142135623730552
-1.0000000000000246
-1.9318516525781364
-0.000000000000027427136455808003
1.9318516525781222
1.0000000000000722
-1.4142135623730163
-1.732050807568947
0.5176380902050998
2
0.5176380902050373
-1.7320508075688656
-1.4142135623731313
0.9999999999999313
1.9318516525781055
-0.00000000000009214048182426167
-1.9318516525781533
-0.9999999999999686
1.414213562373101
1.7320508075688872
-0.5176380902049956
-2
-0.5176380902051414
1.7320508075689254
1.414213562373047
-1.0000000000000349
-1.9318516525781333
-0.000000000000007832787669450353
0.9659258262890627
0.500000000000031
-0.7071067811865124
-0.8660254037844136
0.25881904510255554
1
0.25881904510251297
-0.8660254037844357
-0.7071067811865616
0.49999999999997075
0.9659258262890512
-0.000000000000051951021470584486
-0.9659258262890781
-0.4999999999999792
0.7071067811865547
0.8660254037844406
-0.2588190451025035
-1
-0.25881904510256504
0.8660254037844087
0.7071067811865193
-0.5000000000000225
-0.9659258262890652
-0.000000000000001952007110996705
0.9659258262890642
0.49999999999992745
-0.7071067811865969
-0.8660254037844107
0.25881904510256126
1
0.25881904510250725
-0.8660254037844386
-0.7071067811865573
0.4999999999999758
0.9659258262890791
0.000000000000055855035692577894
-0.9659258262890502
-0.49999999999997413
0.7071067811865588
0.8660254037844377
-0.2588190451025092
-1
-0.2588190451024495
0.8660254037844686
0.7071067811865152
-0.5000000000000276
-0.9659258262890636
