0
1
0.000000000000000566553889764798
-1
-0.000000000000001133107779529596
1
0.00000000000000036739403974420594
-1
-0.000000000000002266215559059192
1
0.000000000000002388680238973927
-1
-0.0000000000000007347880794884119
1
0.0000000000000008572527594031472
-1
-0.000000000000004532431118118384
1
0.000000000000004654895798033119
-1
-0.000000000000004777360477947854
1
0.000000000000004899825157862589
-1
-0.0000000000000014695761589768238
1
0.00000000000000514475451769206
-1
-0.0000000000000017145055188062944
1
0.0000000000000053896838775215305
-1
-0.000000000000009064862236236767
1
0.0000000000000056346132373510016
-1
-0.000000000000009309791596066238
1
0.000000000000012984969954781474
-1
-0.000000000000009554720955895708
1
0.000000000000013229899314610944
-1
-0.000000000000009799650315725178
1
0.000000000000006369401316839413
-1
0.000000000000004411204399476825
0.9914448613738097
0.25881904510252146
-0.9238795325112882
-0.4999999999999928
0.7933533402912344
0.7071067811865452
-0.6087614290087154
-0.8660254037844396
0.38268343236509217
0.9659258262890664
-0.13052619222004905
-1
-0.13052619222005923
0.9659258262890711
0.3826834323650885
-0.8660254037844416
-0.6087614290087237
0.7071067811865581
0.793353340291232
-0.49999999999999617
-0.9238795325112867
0.25881904510252524
0.9914448613738092
0.0000000000000004886207583857646
-0.991444861373809
-0.25881904510251247
0.9238795325112863
0.499999999999997
-0.79335334029124
-0.7071067811865387
0.6087614290087229
0.866025403784442
-0.3826834323651008
-0.9659258262890678
0.13052619222005826
1
0.13052619222003592
-0.9659258262890699
-0.38268343236509306
0.8660254037844392
0.608761429008705
-0.7071067811865547
-0.7933533402912349
0.5000000000000165
0.9238795325112832
-0.2588190451025205
-0.9914448613738117
0.00000000000000882240879895365
0.9914448613738103
0.25881904510253095
-0.9238795325112898
-0.5000000000000012
0.7933533402912457
0.7071067811865421
-0.608761429008719
-0.8660254037844303
0.3826834323650962
0.965925826289069
-0.1305261922200675
-1
-0.13052619222005488
0.965925826289065
0.38268343236508445
-0.8660254037844367
-0.6087614290087089
0.7071067811865511
0.7933533402912206
-0.5000000000000123
-0.9238795325112851
0.2588190451025158
0.9914448613738086
-0.00000000000000392258364109106
-0.9914448613738096
-0.25881904510253567
0.9238795325112772
0.4999999999999809
-0.7933533402912427
-0.7071067811865456
0.6087614290087151
0.8660254037844327
-0.3826834323650917
-0.9659258262890702
0.13052619222003448
1
0.13052619222003156
-0.965925826289071
-0.382683432365089
0.8660254037844343
0.6087614290087353
-0.7071067811865477
-0.7933533402912236
0.5000000000000081
0.9238795325112868
-0.2588190451025385
-0.9914448613738093
-0.00000000000003723916638426495
1
0.00000000000004801977210058119
-1
-0.0000000000000019569589560894117
1
0.00000000000001273756467240565
-1
-0.000000000000051939879819125895
1
0.000000000000005877066674634119
-1
-0.000000000000016657672390950356
1
0.000000000000027438278107266594
-1
-0.00000000000003821888382358283
1
0.000000000000020577780109495062
-1
-0.0000000000000313583858258113
1
0.00000000000004213899154212754
-1
-0.000000000000052919597258443776
1
0.000000000000006856784113952001
-1
-0.00000000000001763738983026824
1
0.000000000000028417995546584478
-1
-0.00000000000003919860126290071
1
-0.0000000000000068642118815910615
-1
-0.00000000000006075981269553319
1
0.00000000000007154041841184943
-1
-0.000000000000025477605267357653
1
0.00000000000003625821098367389
-1
-0.00000000000004703881669999013
1
0.00000000000005781942241630636
-1
0.0000000000000176448175979073
0.9914448613738152
0.2588190451025224
-0.9238795325112933
-0.5000000000000182
0.7933533402912337
0.7071067811865359
-0.6087614290087485
-0.8660254037844402
0.3826834323651044
0.9659258262890593
-0.13052619222004808
-1
-0.1305261922200743
0.9659258262890672
0.3826834323650763
-0.8660254037844554
-0.6087614290087244
0.7071067811865575
0.7933533402912498
-0.49999999999999534
-0.9238795325112816
0.25881904510255177
0.9914448613738112
-0.00000000000001274499244004471
-0.9914448613738145
-0.2588190451025271
0.9238795325112914
0.5000000000000225
-0.7933533402912307
-0.7071067811865394
0.6087614290087446
0.8660254037844426
-0.38268343236509983
-0.9659258262890607
0.13052619222004322
1
0.1305261922200228
-0.9659258262890806
-0.38268343236508084
0.8660254037844528
0.6087614290087283
-0.7071067811865539
-0.7933533402912528
0.4999999999999911
0.9238795325112835
-0.25881904510254705
-0.9914448613738118
0.00000000000000784516728218212
0.9914448613738139
0.2588190451025319
-0.9238795325112895
-0.5000000000000268
0.7933533402912278
0.707106781186583
-0.6087614290086957
-0.8660254037844166
0.38268343236514785
0.9659258262890619
-0.1305261922200947
-1
-0.13052619222002765
0.9659258262890646
0.38268343236508534
-0.8660254037844504
-0.6087614290087322
0.7071067811865505
0.7933533402912558
-0.49999999999998684
-0.9238795325112854
0.2588190451024874
0.991444861373805
-0.00000000000005978876098512754
-0.9914448613738133
-0.2588190451024817
0.9238795325112876
0.49999999999998174
-0.7933533402912594
-0.7071067811865464
0.6087614290087369
0.8660254037844475
-0.3826834323650908
-0.9659258262890779
0.1305261922200335
1
0.13052619222008888
-0.9659258262890781
-0.3826834323650374
0.8660254037844479
0.608761429008691
-0.707106781186547
-0.7933533402912242
0.5000000000000319
0.9238795325112873
-0.25881904510253756
-0.9914448613738132
-0.0000000000000019544830335430583
0.9914448613738126
0.25881904510254133
-0.9238795325112857
-0.5000000000000352
0.7933533402912564
0.7071067811865096
-0.608761429008733
-0.8660254037844215
0.3826834323651388
0.9659258262890644
-0.130526192220085
-1
-0.13052619222003736
0.9659258262890621
0.3826834323650944
-0.8660254037844455
-0.60876142900874
0.7071067811865436
0.7933533402912618
-0.5000000000000276
-0.9238795325112674
0.25881904510253284
0.9914448613738064
-0.000000000000049989110669402366
-0.9914448613738119
-0.25881904510249115
0.9238795325112839
0.49999999999999023
-0.7933533402912188
-0.7071067811865532
0.6087614290087291
0.8660254037844524
-0.38268343236508173
-0.9659258262890804
0.13052619222008013
1
0.13052619222004222
-0.9659258262890755
-0.3826834323650464
0.866025403784443
0.6087614290086988
-0.7071067811865401
-0.7933533402912302
0.5000000000000233
0.9238795325112911
-0.2588190451025281
-0.9914448613738144
-0.00000000000010583919451688755
1
0.000000000000002932962511587764
-1
-0.000000000000013713568227904002
1
0.00000000000002449417394422024
-1
-0.00000000000003527477966053648
1
0.00000000000004605538537685272
-1
-0.000000000000056835991093168957
1
0.00000000000006761659680948519
-1
-0.00000000000007839720252580143
1
-0.00000000000002450902947949836
-1
0.000000000000013728423763182123
1
-0.0000000000000029478180468658846
-1
-0.00000000000012151962539106638
1
0.00000000000013230023110738262
-1
-0.00000000000014308083682369885
1
0.0000000000001538614425400151
-1
-0.000000000000050955210534715306
1
0.00000000000006173581625103154
-1
-0.00000000000007251642196734778
1
0.00000000000008329702768366403
-1
-0.00000000000009407763339998026
1
0.0000000000001048582391162965
-1
-0.00000000000011563884483261273
1
0.00000000000012641945054892897
-1
-0.00000000000002351321854362918
1
0.00000000000003429382425994542
-1
-0.000000000000045074429976261656
1
0.000000000000055855035692577894
-1
-0.00000000000006663564140889414
1
0.00000000000007741624712521038
-1
-0.00000000000008819685284152661
1
-0.00000000000001470937916377318
-1
0.000000000000003928773447456944
1
0.000000000000006851832268859294
-1
-0.000000000000017632437985175533
1
0.00000000000002841304370149177
-1
-0.000000000000039193649417808005
1
0.00000000000004997425513412425
-1
-0.00000000000006075486085044049
1
0.00000000000007153546656675673
-1
-0.00000000000008231607228307296
1
0.0000000000000930966779993892
-1
-0.00000000000010387728371570544
1
0.00000000000011465788943202166
-1
-0.0000000000001254384951483379
1
0.00000000000013621910086465414
-1
-0.00000000000003331286885935436
1
0.0000000000000440934745756706
-1
0.00000000000002548998488008942
0.9914448613738087
0.25881904510245995
-0.9238795325112963
-0.5000000000000114
0.793353340291204
0.7071067811865304
-0.6087614290087097
-0.8660254037844646
0.3826834323651116
0.965925826289072
-0.13052619222011222
-1
-0.13052619222006653
0.965925826289084
0.3826834323650691
-0.8660254037844308
-0.6087614290086731
0.707106781186563
0.793353340291245
-0.5000000000000514
-0.9238795325112786
0.2588190451025044
0.9914448613738176
-0.00000000000002059015972222683
-0.9914448613738082
-0.2588190451024647
0.9238795325112944
0.49999999999991723
-0.7933533402912701
-0.7071067811865338
0.6087614290087058
0.8660254037844102
-0.3826834323651071
-0.9659258262890733
0.13052619222010736
1
0.1305261922200714
-0.9659258262890532
-0.3826834323650736
0.8660254037844284
0.608761429008677
-0.7071067811865595
-0.7933533402911789
0.5000000000000471
0.9238795325112805
-0.2588190451024997
-0.9914448613738034
