0
0.9914448613738104
0.2588190451025206
-0.9238795325112868
-0.49999999999999967
0.7933533402912349
0.7071067811865471
-0.6087614290087204
-0.8660254037844383
0.3826834323650897
0.9659258262890685
-0.1305261922200517
-1
-0.13052619222004952
0.9659258262890682
0.38268343236508934
-0.8660254037844394
-0.6087614290087215
0.7071067811865475
0.7933533402912346
-0.4999999999999985
-0.9238795325112871
0.258819045102521
0.9914448613738098
-0.0000000000000022056021997384123
-0.9914448613738104
-0.25881904510251674
0.9238795325112874
0.5000000000000009
-0.7933533402912373
-0.7071067811865468
0.608761429008725
0.8660254037844372
-0.38268343236509667
-0.9659258262890689
0.1305261922200539
1
0.13052619222004733
-0.9659258262890688
-0.382683432365084
0.8660254037844369
0.6087614290087198
-0.7071067811865465
-0.7933533402912333
0.5000000000000004
0.9238795325112849
-0.25881904510253
-0.9914448613738104
0.000000000000004411204399476825
0.9914448613738097
0.25881904510252146
-0.9238795325112882
-0.4999999999999928
0.7933533402912344
0.7071067811865452
-0.6087614290087154
-0.8660254037844396
0.38268343236509217
0.9659258262890664
-0.13052619222004905
-1
-0.13052619222005923
0.9659258262890711
0.3826834323650885
-0.8660254037844416
-0.6087614290087237
0.7071067811865581
0.793353340291232
-0.49999999999999617
-0.9238795325112867
0.25881904510252524
0.9914448613738092
0.0000000000000004886207583857646
-0.991444861373809
-0.25881904510251247
0.9238795325112863
0.499999999999997
-0.79335334029124
-0.7071067811865387
0.6087614290087229
0.866025403784442
-0.3826834323651008
-0.9659258262890678
0.13052619222005826
1
0.13052619222003592
-0.9659258262890699
-0.38268343236509306
0.8660254037844392
0.608761429008705
-0.7071067811865547
-0.7933533402912349
0.5000000000000165
0.9238795325112832
-0.2588190451025205
-0.9914448613738117
0.00000000000000882240879895365
0.9914448613738103
0.25881904510253095
-0.9238795325112898
-0.5000000000000012
0.7933533402912457
0.7071067811865421
-0.608761429008719
-0.8660254037844303
0.3826834323650962
0.965925826289069
-0.1305261922200675
-1
-0.13052619222005488
0.965925826289065
0.38268343236508445
-0.8660254037844367
-0.6087614290087089
0.7071067811865511
0.7933533402912206
-0.5000000000000123
-0.9238795325112851
0.2588190451025158
0.9914448613738086
-0.00000000000000392258364109106
-0.9914448613738096
-0.25881904510253567
0.9238795325112772
0.4999999999999809
-0.7933533402912427
-0.7071067811865456
0.6087614290087151
0.8660254037844327
-0.3826834323650917
-0.9659258262890702
0.13052619222003448
1
0.13052619222003156
-0.965925826289071
-0.382683432365089
0.8660254037844343
0.6087614290087353
-0.7071067811865477
-0.7933533402912236
0.5000000000000081
0.9238795325112868
-0.2588190451025385
-0.9914448613738093
-0.0000000000000009772415167715292
0.991444861373809
0.2588190451025404
-0.9238795325112971
-0.4999999999999851
0.7933533402912397
0.7071067811865491
-0.6087614290087112
-0.8660254037844353
0.3826834323650872
0.9659258262890642
-0.1305261922200578
-1
-0.13052619222003642
0.9659258262890698
0.3826834323650935
-0.8660254037844318
-0.6087614290087392
0.7071067811865643
0.7933533402912266
-0.5000000000000038
-0.9238795325112887
0.2588190451025338
0.9914448613738099
0.000000000000005877066674634119
-0.991444861373812
-0.2588190451024902
0.9238795325112952
0.4999999999999894
-0.7933533402912367
-0.7071067811865526
0.6087614290087073
0.8660254037844377
-0.3826834323651089
-0.9659258262890581
0.13052619222005293
1
0.13052619222006945
-0.9659258262890684
-0.3826834323651243
0.8660254037844578
0.6087614290087205
-0.7071067811865609
-0.7933533402912468
0.49999999999999956
0.9238795325112797
-0.2588190451025016
-0.9914448613738106
0.0000000000000176448175979073
0.9914448613738152
0.2588190451025224
-0.9238795325112933
-0.5000000000000182
0.7933533402912337
0.7071067811865359
-0.6087614290087485
-0.8660254037844402
0.3826834323651044
0.9659258262890593
-0.13052619222004808
-1
-0.1305261922200743
0.9659258262890672
0.3826834323650763
-0.8660254037844554
-0.6087614290087244
0.7071067811865575
0.7933533402912498
-0.49999999999999534
-0.9238795325112816
0.25881904510255177
0.9914448613738112
-0.00000000000001274499244004471
-0.9914448613738145
-0.2588190451025271
0.9238795325112914
0.5000000000000225
-0.7933533402912307
-0.7071067811865394
0.6087614290087446
0.8660254037844426
-0.38268343236509983
-0.9659258262890607
0.13052619222004322
1
0.1305261922200228
-0.9659258262890806
-0.38268343236508084
0.8660254037844528
0.6087614290087283
-0.7071067811865539
-0.7933533402912528
0.4999999999999911
0.9238795325112835
-0.25881904510254705
-0.9914448613738118
0.00000000000000784516728218212
0.9914448613738139
0.2588190451025319
-0.9238795325112895
-0.5000000000000268
0.7933533402912278
0.707106781186583
-0.6087614290086957
-0.8660254037844166
0.38268343236514785
0.9659258262890619
-0.1305261922200947
-1
-0.13052619222002765
0.9659258262890646
0.38268343236508534
-0.8660254037844504
-0.6087614290087322
0.7071067811865505
0.7933533402912558
-0.49999999999998684
-0.9238795325112854
0.2588190451024874
0.991444861373805
-0.00000000000005978876098512754
-0.9914448613738133
-0.2588190451024817
0.9238795325112876
0.49999999999998174
-0.7933533402912594
-0.7071067811865464
0.6087614290087369
0.8660254037844475
-0.3826834323650908
-0.9659258262890779
0.1305261922200335
1
0.13052619222008888
-0.9659258262890781
-0.3826834323650374
0.8660254037844479
0.608761429008691
-0.707106781186547
-0.7933533402912242
0.5000000000000319
0.9238795325112873
-0.25881904510253756
-0.9914448613738132
-0.0000000000000019544830335430583
0.9914448613738126
0.25881904510254133
-0.9238795325112857
-0.5000000000000352
0.7933533402912564
0.7071067811865096
-0.608761429008733
-0.8660254037844215
0.3826834323651388
0.9659258262890644
-0.130526192220085
-1
-0.13052619222003736
0.9659258262890621
0.3826834323650944
-0.8660254037844455
-0.60876142900874
0.7071067811865436
0.7933533402912618
-0.5000000000000276
-0.9238795325112674
0.25881904510253284
0.9914448613738064
-0.000000000000049989110669402366
-0.9914448613738119
-0.25881904510249115
0.9238795325112839
0.49999999999999023
-0.7933533402912188
-0.7071067811865532
0.6087614290087291
0.8660254037844524
-0.38268343236508173
-0.9659258262890804
0.13052619222008013
1
0.13052619222004222
-0.9659258262890755
-0.3826834323650464
0.866025403784443
0.6087614290086988
-0.7071067811865401
-0.7933533402912302
0.5000000000000233
0.9238795325112911
-0.2588190451025281
-0.9914448613738144
-0.000000000000011754133349268238
0.9914448613738039
0.2588190451024959
-0.9238795325113037
-0.49999999999994527
0.7933533402912505
0.7071067811865165
-0.6087614290087252
-0.8660254037844264
0.38268343236507724
0.965925826289067
-0.13052619222007528
-1
-0.13052619222004708
0.9659258262890597
0.38268343236510344
-0.8660254037844406
-0.6087614290087027
0.7071067811865768
0.7933533402911985
-0.5000000000000683
-0.9238795325112712
0.25881904510252335
0.991444861373815
-0.00000000000004018946035367719
-0.9914448613738107
-0.25881904510255554
0.923879532511302
0.4999999999999987
-0.7933533402912128
-0.7071067811866003
0.6087614290087213
0.8660254037844004
-0.3826834323651252
-0.9659258262890682
0.1305261922201268
1
0.13052619222005196
-0.9659258262890583
-0.3826834323650555
0.8660254037844382
0.6087614290087516
-0.7071067811865733
-0.7933533402912362
0.49999999999996564
0.923879532511273
-0.25881904510251863
-0.9914448613738008
0.0000000000000352896351958146
0.99144486137381
0.25881904510245046
-0.9238795325113001
-0.500000000000003
0.7933533402912791
0.7071067811865235
-0.6087614290087174
-0.8660254037844597
0.3826834323651207
0.9659258262890695
-0.13052619222000922
-1
-0.13052619222005682
0.9659258262890865
0.38268343236506
-0.8660254037844357
-0.6087614290086654
0.7071067811865699
0.7933533402912392
-0.5000000000000598
-0.9238795325112749
0.2588190451025139
0.9914448613738163
-0.00000000000003038981003795201
-0.9914448613738094
-0.25881904510256504
0.9238795325112982
0.5000000000000072
-0.7933533402912761
-0.7071067811865269
0.6087614290087136
0.8660254037844053
-0.38268343236511615
-0.9659258262890708
0.13052619222011708
1
0.13052619222006168
-0.9659258262890558
-0.3826834323650645
0.8660254037844333
0.6087614290087594
-0.7071067811865664
-0.793353340291242
0.5000000000000556
0.9238795325112767
-0.2588190451025092
-0.9914448613738022
0.00000000000002548998488008942
0.9914448613738087
0.25881904510245995
-0.9238795325112963
-0.5000000000000114
0.793353340291204
0.7071067811865304
-0.6087614290087097
-0.8660254037844646
0.3826834323651116
0.965925826289072
-0.13052619222011222
-1
-0.13052619222006653
0.965925826289084
0.3826834323650691
-0.8660254037844308
-0.6087614290086731
0.707106781186563
0.793353340291245
-0.5000000000000514
-0.9238795325112786
0.2588190451025044
0.9914448613738176
-0.00000000000002059015972222683
-0.9914448613738082
-0.2588190451024647
0.9238795325112944
0.49999999999991723
-0.7933533402912701
-0.7071067811865338
0.6087614290087058
0.8660254037844102
-0.3826834323651071
-0.9659258262890733
0.13052619222010736
1
0.1305261922200714
-0.9659258262890532
-0.3826834323650736
0.8660254037844284
0.608761429008677
-0.7071067811865595
-0.7933533402911789
0.5000000000000471
0.9238795325112805
-0.2588190451024997
-0.9914448613738034
