0
0.9659258262890683
0.49999999999999994
-0.7071067811865477
-0.8660254037844386
0.25881904510252024
1
0.2588190451025208
-0.8660254037844387
-0.7071067811865472
0.49999999999999906
0.9659258262890685
-0.000000000000001164033439826574
-0.9659258262890682
-0.5000000000000001
0.7071067811865476
0.8660254037844385
-0.25881904510252135
-1
-0.2588190451025231
0.8660254037844376
0.7071067811865489
-0.4999999999999985
-0.9659258262890678
0.000000000000002328066879653148
0.965925826289068
0.5000000000000007
-0.7071067811865471
-0.8660254037844388
0.25881904510252074
1
0.2588190451025134
-0.866025403784439
-0.7071067811865468
0.5000000000000011
0.9659258262890679
-0.0000000000000017157434800794711
-0.9659258262890688
-0.5000000000000042
0.7071067811865492
0.8660254037844408
-0.2588190451025236
-1
-0.25881904510251746
0.8660254037844369
0.7071067811865498
-0.5000000000000036
-0.965925826289069
0.000000000000004656133759306296
0.9659258262890678
0.5000000000000017
-0.7071067811865464
-0.8660254037844394
0.2588190451025196
1
0.25881904510252146
-0.8660254037844384
-0.7071067811865477
0.5
0.9659258262890682
-0.000000000000000491096680932118
-0.9659258262890684
-0.49999999999998684
0.7071067811865483
0.8660254037844379
-0.2588190451025224
-1
-0.25881904510251863
0.8660254037844398
0.7071067811865557
-0.5000000000000026
-0.9659258262890674
0.0000000000000034314869601589423
0.9659258262890655
0.4999999999999966
-0.7071067811865505
-0.8660254037844436
0.25881904510252524
1
0.2588190451025158
-0.8660254037844343
-0.7071067811865436
0.5000000000000051
0.9659258262890704
0.000000000000007838977475816237
-0.96592582628907
-0.49999999999999406
0.7071067811865425
0.866025403784442
-0.2588190451025281
-1
-0.2588190451025267
0.8660254037844428
0.7071067811865415
-0.49999999999999534
-0.9659258262890696
0.000000000000009312267518612591
0.9659258262890708
0.5000000000000038
-0.7071067811865346
-0.8660254037844406
0.25881904510253095
1
0.25881904510253756
-0.8660254037844372
-0.7071067811865394
0.4999999999999979
0.9659258262890652
0.0000000000000019581969173625882
-0.9659258262890715
-0.5000000000000012
0.7071067811865567
0.8660254037844392
-0.2588190451025063
-1
-0.25881904510250725
0.8660254037844386
0.7071067811865575
-0.5000000000000004
-0.9659258262890644
0.000000000000000982193361864236
0.965925826289065
0.4999999999999987
-0.7071067811865387
-0.8660254037844235
0.2588190451025366
1
0.2588190451025044
-0.8660254037844402
-0.7071067811865553
0.500000000000003
0.965925826289071
-0.00000000000000392258364109106
-0.9659258262890731
-0.49999999999999617
0.7071067811865408
0.8660254037844362
-0.258819045102512
-1
-0.2588190451025016
0.8660254037844416
0.7071067811865331
-0.5000000000000056
-0.9659258262890702
0.0000000000000068629739203178846
0.9659258262890664
0.5000000000000182
-0.7071067811865629
-0.8660254037844347
0.25881904510251486
1
0.2588190451025262
-0.8660254037844288
-0.7071067811865511
0.5000000000000081
0.9659258262890621
-0.000000000000009803364199544709
-0.9659258262890672
-0.49999999999999106
0.7071067811865449
0.8660254037844475
-0.2588190451025177
-1
-0.25881904510252335
0.8660254037844445
0.7071067811865491
-0.499999999999986
-0.9659258262890688
-0.000000000000015677954951632475
0.9659258262890753
0.49999999999998856
-0.707106781186547
-0.8660254037844318
0.2588190451025205
1
0.2588190451025205
-0.8660254037844318
-0.7071067811865269
0.5000000000000132
0.965925826289068
0.00000000000001273756467240565
-0.9659258262890688
-0.5000000000000107
0.707106781186529
0.8660254037844303
-0.25881904510252335
-1
-0.2588190451025177
0.8660254037844333
0.7071067811865449
-0.4999999999999911
-0.9659258262890745
0.000000000000018624535037225183
0.9659258262890695
0.49999999999998346
-0.7071067811865511
-0.866025403784443
0.25881904510249876
1
0.25881904510251486
-0.8660254037844347
-0.7071067811865227
0.5000000000000182
0.9659258262890664
0.000000000000006856784113952001
-0.9659258262890629
-0.5000000000000301
0.7071067811865532
0.8660254037844416
-0.2588190451025016
-1
-0.258819045102512
0.8660254037844362
0.7071067811865609
-0.5000000000000208
-0.9659258262890656
-0.0000000000000039163938347251765
0.9659258262890636
0.49999999999997835
-0.7071067811865553
-0.8660254037844402
0.2588190451025044
1
0.25881904510250914
-0.8660254037844377
-0.7071067811865588
0.49999999999997413
0.9659258262890649
0.0000000000000009760035554983525
-0.9659258262890791
-0.4999999999999758
0.7071067811865575
0.8660254037844386
-0.25881904510250725
-1
-0.2588190451025063
0.8660254037844392
0.7071067811865165
-0.5000000000000259
-0.9659258262890642
0.000000000000001964386723728472
0.9659258262890652
0.5000000000000225
-0.7071067811865193
-0.8660254037844372
0.25881904510251014
1
0.2588190451025584
-0.866025403784469
-0.7071067811865144
0.5000000000000284
0.9659258262890634
-0.000000000000004904777002955296
-0.965925826289066
-0.4999999999999707
0.7071067811865616
0.8660254037844357
-0.25881904510251297
-1
-0.25881904510255554
0.866025403784442
0.7071067811865526
-0.49999999999998174
-0.9659258262890627
0.00000000000000784516728218212
0.9659258262890814
0.4999999999999682
-0.7071067811865637
-0.8660254037844343
0.2588190451025158
1
0.2588190451024978
-0.8660254037844436
-0.7071067811865505
0.4999999999999843
0.9659258262890766
0.00000000000004605786129939907
-0.9659258262890674
-0.49999999999996564
0.7071067811865657
0.8660254037844327
-0.25881904510251863
-1
-0.258819045102495
0.866025403784445
0.7071067811865483
-0.49999999999998684
-0.9659258262890759
0.000000000000013725947840635769
0.9659258262890682
0.5000000000000123
-0.7071067811865276
-0.8660254037844597
0.25881904510257636
1
0.2588190451024921
-0.8660254037844465
-0.7071067811865464
0.4999999999999894
0.9659258262890603
-0.000000000000016666338119862593
-0.965925826289069
-0.5000000000000098
0.7071067811865297
0.8660254037844582
-0.2588190451025243
-1
-0.25881904510254417
0.8660254037844479
0.7071067811865442
-0.5000000000000412
-0.9659258262890597
0.000000000000019606728399089418
0.9659258262890698
0.5000000000000072
-0.7071067811865318
-0.8660254037844284
0.2588190451025272
1
0.25881904510254133
-0.866025403784421
-0.7071067811865823
0.4999999999999945
0.9659258262890589
-0.000000000000022547118678316243
-0.9659258262890705
-0.5000000000000047
0.707106781186574
0.8660254037844268
-0.25881904510253
-1
-0.2588190451025385
0.8660254037844225
0.70710678118654
-0.49999999999999706
-0.9659258262890728
-0.00000000000003135590990326495
0.9659258262890565
0.49999999999995287
-0.7071067811865761
-0.8660254037844254
0.25881904510253284
1
0.25881904510253567
-0.8660254037844524
-0.707106781186538
0.49999999999999956
0.965925826289072
0.000000000000028415519624038125
-0.9659258262890573
-0.49999999999999956
0.707106781186538
0.8660254037844524
-0.25881904510253567
-1
-0.25881904510247794
0.8660254037844538
0.7071067811865359
-0.5000000000000021
-0.9659258262890713
-0.0000000000000254751293448113
0.9659258262890728
0.499999999999997
-0.7071067811865401
-0.8660254037844509
0.2588190451024836
1
0.25881904510253
-0.8660254037844554
-0.7071067811865338
0.5000000000000047
0.9659258262890558
-0.00000000000003430867979522354
-0.9659258262890735
-0.4999999999999945
0.7071067811865421
0.8660254037844495
-0.25881904510254133
-1
-0.2588190451025271
0.8660254037844284
0.707106781186572
-0.499999999999958
-0.965925826289055
0.000000000000037249070074450366
0.9659258262890743
0.49999999999999195
-0.7071067811865442
-0.8660254037844195
0.2588190451025442
1
0.2588190451025243
-0.8660254037844298
-0.7071067811865699
0.49999999999996053
0.9659258262890837
0.00000000000007349737736793884
-0.9659258262890751
-0.4999999999999894
0.7071067811865464
0.8660254037844465
-0.25881904510249215
-1
-0.25881904510246656
0.8660254037844597
0.7071067811865276
-0.5000000000000123
-0.9659258262890682
-0.000000000000013713568227904002
0.9659258262890611
0.5000000000000361
-0.7071067811865082
-0.8660254037844735
0.2588190451025499
1
0.25881904510251863
-0.8660254037844328
-0.7071067811865657
0.49999999999996564
0.9659258262890528
-0.000000000000046070240912130835
-0.9659258262890766
-0.4999999999999843
0.7071067811865505
0.8660254037844436
-0.2588190451024978
-1
-0.2588190451025707
0.8660254037844627
0.7071067811865235
-0.5000000000000174
-0.9659258262890666
-0.000000000000007832787669450353
0.9659258262890627
0.500000000000031
-0.7071067811865124
-0.8660254037844136
0.25881904510255554
1
0.25881904510251297
-0.8660254037844357
-0.7071067811865616
0.49999999999997075
0.9659258262890512
-0.000000000000051951021470584486
-0.9659258262890781
-0.4999999999999792
0.7071067811865547
0.8660254037844406
-0.2588190451025035
-1
-0.25881904510256504
0.8660254037844087
0.7071067811865193
-0.5000000000000225
-0.9659258262890652
-0.000000000000001952007110996705
0.9659258262890642
0.49999999999992745
-0.7071067811865969
-0.8660254037844107
0.25881904510256126
1
0.25881904510250725
-0.8660254037844386
-0.7071067811865573
0.4999999999999758
0.9659258262890791
0.000000000000055855035692577894
-0.9659258262890502
-0.49999999999997413
0.7071067811865588
0.8660254037844377
-0.2588190451025092
-1
-0.2588190451024495
0.8660254037844686
0.7071067811865152
-0.5000000000000276
-0.9659258262890636
