0
1
0.000000000000000566553889764798
-1
-0.000000000000001133107779529596
1
0.00000000000000036739403974420594
-1
-0.000000000000002266215559059192
1
0.000000000000002388680238973927
-1
-0.0000000000000007347880794884119
1
0.0000000000000008572527594031472
-1
-0.000000000000004532431118118384
1
0.000000000000004654895798033119
-1
-0.000000000000004777360477947854
1
0.000000000000004899825157862589
-1
-0.0000000000000014695761589768238
1
0.00000000000000514475451769206
-1
-0.0000000000000017145055188062944
1
0.0000000000000053896838775215305
-1
-0.000000000000009064862236236767
1
0.0000000000000056346132373510016
-1
-0.000000000000009309791596066238
1
0.000000000000012984969954781474
-1
-0.000000000000009554720955895708
1
0.000000000000013229899314610944
-1
-0.000000000000009799650315725178
1
0.000000000000006369401316839413
-1
-0.0000000000000029391523179536475
1
-0.000000000000000491096680932118
-1
-0.00000000000001028950903538412
1
0.000000000000006859260036498355
-1
-0.000000000000003429011037612589
1
0.000000000000014209616753928827
-1
-0.000000000000010779367755043061
1
0.000000000000007349118756157295
-1
-0.000000000000018129724472473535
1
0.0000000000000004886207583857646
-1
-0.000000000000011269226474702003
1
0.000000000000007838977475816237
-1
-0.000000000000018619583192132475
1
0.0000000000000009784794780447059
-1
-0.000000000000025969939909562948
1
0.000000000000008328836195475178
-1
-0.000000000000019109441911791416
1
0.00000000000001567919291290565
-1
-0.000000000000026459798629221888
1
0.00000000000000881869491513412
-1
-0.000000000000019599300631450357
1
0.000000000000030379906347766594
-1
-0.000000000000012738802633678827
1
0.000000000000023519408349995066
-1
-0.000000000000005878304635907295
1
0.000000000000016658910352223535
-1
0.000000000000000982193361864236
1
0.000000000000009798412354452001
-1
-0.00000000000002057901807076824
1
0.000000000000031359623787084476
-1
-0.00000000000001371852007299671
1
0.000000000000024499125789312947
-1
-0.000000000000006858022075225178
1
0.000000000000017638627791541416
-1
-0.000000000000028419233507857654
1
0.000000000000039199839224173895
-1
-0.000000000000021558735510086122
1
0.000000000000032339341226402363
-1
-0.00000000000001469823751231459
1
0.00000000000002547884322863083
-1
-0.00000000000003625944894494707
1
0.00000000000004704005466126331
-1
-0.0000000000000009772415167715292
1
0.000000000000011757847233087767
-1
-0.000000000000022538452949404006
1
0.000000000000033319058665720244
-1
-0.000000000000015677954951632475
1
0.000000000000026458560667948713
-1
-0.00000000000003723916638426495
1
0.00000000000004801977210058119
-1
-0.0000000000000019569589560894117
1
0.00000000000001273756467240565
-1
-0.000000000000051939879819125895
1
0.000000000000005877066674634119
-1
-0.000000000000016657672390950356
1
0.000000000000027438278107266594
-1
-0.00000000000003821888382358283
1
0.000000000000020577780109495062
-1
-0.0000000000000313583858258113
1
0.00000000000004213899154212754
-1
-0.000000000000052919597258443776
1
0.000000000000006856784113952001
-1
-0.00000000000001763738983026824
1
0.000000000000028417995546584478
-1
-0.00000000000003919860126290071
1
-0.0000000000000068642118815910615
-1
-0.00000000000006075981269553319
1
0.00000000000007154041841184943
-1
-0.000000000000025477605267357653
1
0.00000000000003625821098367389
-1
-0.00000000000004703881669999013
1
0.00000000000005781942241630636
-1
-0.00000000000001175660927181459
1
0.000000000000022537214988130828
-1
-0.00000000000003331782070444707
1
0.00000000000004409842642076331
-1
0.000000000000001964386723728472
1
0.000000000000008816218992587766
-1
-0.000000000000019596824708904003
1
0.000000000000030377430425220244
-1
-0.00000000000004115803614153648
1
0.00000000000005193864185785272
-1
-0.00000000000006271924757416895
1
0.00000000000001665643442967718
-1
-0.00000000000002743704014599342
1
0.000000000000038217645862309657
-1
-0.000000000000048998251578625895
1
0.0000000000000029354384341341176
-1
-0.000000000000013716044150450356
1
0.000000000000024496649866766593
-1
-0.00000000000003527725558308283
1
0.00000000000004605786129939907
-1
-0.00000000000005683846701571531
1
0.00000000000006761907273203155
-1
-0.00000000000007839967844834779
1
0.000000000000032336865303856006
-1
-0.000000000000043117471020172244
1
0.00000000000005389807673648848
-1
-0.00000000000006467868245280473
1
0.00000000000007545928816912096
-1
-0.00000000000002939647502462918
1
0.00000000000004017708074094542
-1
-0.00000000000005095768645726166
1
0.0000000000000617382921735779
-1
-0.00000000000007251889788989414
1
0.00000000000008329950360621038
-1
-0.00000000000009408010932252661
1
0.00000000000010486071503884285
-1
-0.0000000000000019544830335430583
1
0.000000000000012735088749859296
-1
-0.000000000000023515694466175534
1
0.000000000000034296300182491775
-1
-0.00000000000004507690589880801
1
0.00000000000005585751161512425
-1
-0.00000000000006663811733144049
1
0.00000000000002057530418694871
-1
-0.00000000000003135590990326495
1
0.00000000000004213651561958119
-1
-0.000000000000052917121335897426
1
0.00000000000006369772705221366
-1
-0.0000000000000744783327685299
1
0.00000000000008525893848484614
-1
-0.00000000000009603954420116238
1
-0.0000000000000068666878041374145
-1
-0.0000000000000039139179121788235
1
0.00000000000001469452362849506
-1
-0.0000000000000254751293448113
1
0.00000000000009309915392193555
-1
-0.00000000000010387975963825179
1
0.00000000000011466036535456803
-1
-0.000000000000011754133349268238
1
0.000000000000022534739065584474
-1
-0.00000000000003331534478190071
1
0.00000000000004409595049821695
-1
-0.00000000000005487655621453319
1
0.00000000000006565716193084943
-1
-0.00000000000007643776764716566
1
0.0000000000000872183733634819
-1
-0.000000000000041155560218990125
1
0.00000000000005193616593530636
-1
-0.0000000000000627167716516226
1
0.00000000000007349737736793884
-1
-0.00000000000008427798308425508
1
0.00000000000009505858880057131
-1
-0.00000000000010583919451688755
1
0.000000000000002932962511587764
-1
-0.000000000000013713568227904002
1
0.00000000000002449417394422024
-1
-0.00000000000003527477966053648
1
0.00000000000004605538537685272
-1
-0.000000000000056835991093168957
1
0.00000000000006761659680948519
-1
-0.00000000000007839720252580143
1
-0.00000000000002450902947949836
-1
0.000000000000013728423763182123
1
-0.0000000000000029478180468658846
-1
-0.00000000000012151962539106638
1
0.00000000000013230023110738262
-1
-0.00000000000014308083682369885
1
0.0000000000001538614425400151
-1
-0.000000000000050955210534715306
1
0.00000000000006173581625103154
-1
-0.00000000000007251642196734778
1
0.00000000000008329702768366403
-1
-0.00000000000009407763339998026
1
0.0000000000001048582391162965
-1
-0.00000000000011563884483261273
1
0.00000000000012641945054892897
-1
-0.00000000000002351321854362918
1
0.00000000000003429382425994542
-1
-0.000000000000045074429976261656
1
0.000000000000055855035692577894
-1
-0.00000000000006663564140889414
1
0.00000000000007741624712521038
-1
-0.00000000000008819685284152661
1
-0.00000000000001470937916377318
-1
0.000000000000003928773447456944
1
0.000000000000006851832268859294
-1
-0.000000000000017632437985175533
1
0.00000000000002841304370149177
-1
-0.000000000000039193649417808005
1
0.00000000000004997425513412425
-1
-0.00000000000006075486085044049
1
0.00000000000007153546656675673
-1
-0.00000000000008231607228307296
1
0.0000000000000930966779993892
-1
-0.00000000000010387728371570544
1
0.00000000000011465788943202166
-1
-0.0000000000001254384951483379
1
0.00000000000013621910086465414
-1
-0.00000000000003331286885935436
1
0.0000000000000440934745756706
-1
-0.00000000000005487408029198684
1
0.00000000000006565468600830308
-1
-0.00000000000007643529172461931
1
0.00000000000008721589744093555
-1
-0.00000000000009799650315725179
1
0.00000000000010877710887356803
-1
-0.000000000000005870876868268235
1
0.000000000000016651482584584473
-1
-0.00000000000002743208830090071
1
0.00000000000003821269401721695
-1
-0.00000000000004899329973353319
1
0.00000000000005977390544984942
-1
-0.00000000000007055451116616566
1
0.0000000000000813351168824819
-1
-0.00000000000009211572259879814
1
0.00000000000010289632831511438
-1
-0.00000000000011367693403143061
1
0.00000000000012445753974774687
-1
-0.0000000000001352381454640631
1
0.00000000000014601875118037934
-1
-0.00000000000015679935689669558
1
0.000000000000053893124891395774
-1
-0.00000000000006467373060771201
1
0.00000000000007545433632402825
-1
